563131602301110001100101001001010001101011011111110111100001101011011100000111111001100101001001100010110101110110011110000111101001111101011011110111101100100001001100110110111101111101011110100111011001100111001000110011011001100010011000100110011101011111010111100100111001011010010011110101110001110001
125980224800111111101111101011111011010010010000110011110100110001001001100010111001010011011001110111001001111110001111110100011101111010011010110111111101100000100000100010111100110100001010010010110100100000001000010010110000011001001011100011010101000000010100010110101001111001010101000100011101010111000110010001001000010011000111100000101001100111
6428866566101110011100011010101111001110110011000101001001001101100011100100111010010010100111001101101011011011101001000001111101001110110101110001101011100111000110000001111101011001010010100000111111001110100011101000001010010000000110101001101001011011010101000101011011000111100110011100010000011011110110001100110101
638862430300111101110010111011011100111100001101000011010100110100001110010010101101011110011011110111011101110010011000100010011101011111011110001001010001101011011010110010101000110111001111010010111100100011011100110111000101100010011001110111000001011001000110010001110100011111011010010110101000101010
947505506411001010010000111100010001000110010011110011001100111111001110100010001001000001011101111000111101101011001110110100111001101010011001000111100001100100011010110111010001100010011001010010101000110111001000100001101000100101001001000011000000011011000110000001001100010011001111110001001001001111010110000100011101010111010110000101011001000010
8545098265110001111100011111000010010001000011011001001001010000000011001000100010010110010111010101110011011100110111100001101100001110110100100101111111011011000110111101110111001111010011110000011011001011010010000100110101001011110010100000110101011111010101110101010101010110110111001101101111010100100001010101100110011010010010000100011000
3072508732101110001011110111001100010001110100010100111110010011000011111100101011010100100111110101110111011001000010011001000100011110100110111110010100011001100111001100101101001111010011001000111101000010100100111101101110011101110110110001110000010101110101010001001100001000000001001100011110010101010101100001101100
15220882900011101111000011110000101011101001000001001101010011001100111111001010110100011101101101011111100110100000100001010001000111111001101011011110110111001100101110001111000010110100111001001101010110110001100111010110100110011001100011011100010100111001001001011000110001110100011011
13231163751100010111000011110001110011100001000011001100100011100100111100001000110110011001100011011110000110010101100001011010100110011000100110010010010110000001101100011101110010111000111101001011100010010000100110000110110001101000110101001001010010110000001000010010000101001001100010010110100101011001001000000101110110101100010100011011010101110000010011
2038472578001110011100011110101110110001010011110101000010001101000011100100100110010011000110011101111100011111000111101000100001010111010111010101101010011100010110000101101011001010110011000000100101001011000010100000011011000110010010001100101001001100100111010001100010100111010101011001010110000100110110111101100100000110100001001100001100
2173766444010000011011110011000111001111000011101000111001001101100011110000100101010000110110011001111001011110110111111001100010001010100100100101101101011111010111100101100011011101010110010000100000001101000010110000101111001001010010000000110100000101110000100001000011010100100101101001010000010111010101011101010110000111100001111100010110011010110101110101101100
487132839110111000101011001011111110111000010010010011001001000001001100100010000101010010011110010111000001100111011001100110110001100010011010110111101100111100010101011000001001100101001011110010011000011011001001100001100100101101001001000010100100001011011011000100111101010001011111000111011101010001001001100110111100010001011100100110010001101100
0440742051001111000011101011001010001110010100010101001010010010000011000100100101010110010111001101111101011000100110010101101000001010110100111001111111011010100111100101110111011010010110000000101101001100000010001100101001001101100100001001100011010101100101101101011101000110010110011000011000011010000110100101101011
612410528900111110110000101100111101000111101101010100000000110110001111010010001101010100011001000111101001111011011010110011101001001100011011000111101001101110011101111000011101110010011011110011100000110111001000000001100000011110001001000010100100001011010101110100110101101111011010110101101101011100001001110110100001101011000011010000100101101100
0732062606001110011011111111001111010001100100010000110110010010010011011100100010010000100111001001101101011110010110111001101110011100100111011101100110011111010110011000111101010100000110100101101011011110000111000001100100000101110011010000100011001011010000100001110110010110110101100001111110000111110110100001011100000101100001110101101111
5821994944001110001100010111000000010001010100100100110010010010100011011100111011011100110111110101100010011001100111010001100111011101110011100101010011011001000111010001111010011001000110000001010111001010100000100000100100001000110011000001011011010011100110101001011000010101110110011000100110011011100110111100010000
170594837511001010101110001011110101000111001111100011011001000001001100100011101101011011011111010111001001101010100010010011101001000101011011000110001001100101100110110110000001111111011010010010110100001010001001110001101100100010001001000010000000111111011100100111011001000011011000110110010101000010010101010101001101010100010101100101111001000011000111110110000001110010000110100000101000010101
4713132523001111111101010010111101010001010100101100110110001100010010000001000100011100100110111101101100011110000110010001110101011111100011100101110101011111010110110001101011011101110110101101111100001001000011010000100111001000110010000100100101000110110001010000001110011101000100110001011110010111010110000001011100000101110110100101100111011010000001011001101101
46903763820100000110110001110000010100011001001010001100000011100100101101010111000110100101100101011000010110100001111111001000000100111101101010011100000110111100101111001101110010111000111110001001000010110100101010000010000101101001100111011000110101110101110001101001110110011000010000011000000101000001101100
38668174770100001111000001110001110100010101000100010011110100111000110110001110100101011001100010011000100110000101111111011101000110011100101011010110010110101101110000011011010111010001110001011001000010100100110111000110100001100000101100001011010011110100111000011010000101111101000111100111100100011101011110010000110100010001010011011100010001100000011011
83872303770011100111000101110000000011100000110011010010000100111100110111001000000101000001111111011011000110101100111110010110110110000001110110011111100110110001100000011001010111011100101110001110000011000000101111000110110001100000100100001001010010110100101101000000100101001001000100011000010101101110100100100110100101100001011011
09326703251100010111000101110000010100010000111011001101000100101000110111001010100100011101100001011101000111100001111001001011010101110001101111011011010111010101101111011011110011100100100110001001010010001000101100001000110001011000111111010010100101001001011010011010100001000100011110010111100101100001101100
100107598700111100110000101100010000111101010000100011101000110111001000100100100101101001011101110110101001100100001001100101111001111110011010110110001101110111100101100110000100100000001111110010010100100111000110000010001100100000001011010010010100010111001100010100000101001011011001110101110001001101010000110101011101001101000111000001001100011110011011100110111001101010
2318504143001111111100010110110010001110100100000001001010010001000011100100100111010101010110000101100000011111110110011001101101011110100011100101000100011011110110100101101101011000110110110101111000011000000110001110011101001011110010000000100100000110110001100000101000000111100001010100000001011110110100111001010010010101010101010101011111001000110110111001101101000011010001110000001000
212426252900111111001111111011011000111010110001110011101101001011001111010010000001011001011100110111110101111101011011100110100101111010001110010100011001111010011001000111001101100000011000000010101100110000001001010010011000011110001011110010010100011011000101000011110101110101011101000101111101011110010001000101011001011110011010110000100100011001
61410695400100001110111101110011000011110001001001001111000011111100111110001011010101100001100000011111010111100101100110011000110110011100101010010000100111011110001000011000010110101100100011001101110001101000100100001000110010000100100000001001010011010000010100000011000101110001010110010100100101111101000100010000010110110001100100
727135504201000011110011000100000001000110010010110100010000110111001111100010111001011000011000000111110101101110011001010111000000111011010001100111101101100111011010110111010001101010011001010111011101100101001111110011010000100011001000000010010100011011000101000000110101110111010000100101110001001111010101000001010100101100011011110110010000010101
25430416930011100110111111110000111100011001000011001100010011110100110010001000100101100101100100011110100110110100111010010110000111100010010111011000110110010000101110001001000010100100101100001000010010001100100101000110010010100000111101010000100100101010100010011011100100100000100111000111000001100001101000
4866278464101010101011110110111010010001010100100100110011010011100011011000100000010010100111100101110000011100100011101101010100011101010111110001100010011000000111010010011001001110000011001000100100000101100011011101001010011010010110000101101100101000000100100110100111000100100110101101011100000110010001000001101100
3853558258001110111100101110111101110101010011101100110000010010000011110000101010010110100110110101100011011010010011111101001100011101010110010001111011011111010110001000101111001100100011001000100110000110100010110000100101000110010010010000101100000010111010000101111111010000100101101001011100011000000101101101000010
4875635326001111111100101111000011010001010100101000110110010000100011101000100100010100110111011001111001011110010110110001111011001110110100101001101100011110000111010001110101011001110110010101101101001010110011100000100010000110110010010000100101001111000000100001111000010101100111101110101011000100010001100100010000011000110110010100010000
45471783611011101110111011101111110011110101001000010010110011101000111000001000110101110101111001011110110111100001111101100001110110100100111001010110100110010101110111011101110010101000111101001001010001101000101111001101010010001100111010001101010111011001001111010100010101111001101000010110110101011101010010011011010001111101011110
408477375010110110100110001101100001000101010010000100001100110011001111010010010101001110011111110110101101100110011000010111010000100110010111110110110110010111011101100111011101100001001010110011010000100001000101100011010101001100011111000110011101011000010110100001100100111111011010010110010000010101
4715443422001111101011000110111001001110100011010001001110001110110011011000101011010111000111111101110110011100101000100000111010010001010111100001111001011011110111011001101000011111010111001000101101001111010010011000100110001000110010010000100101000101110000100001111100010100011010000001111101011001010001001001100110011010100001000001100101
2212845010001111111011110111000011010001100011111101000111001101100010001101000110011100100110001001111000011100100111101001100111001110110101111001101101011111000110001101111101011110000110001000101101001101110010001000101000001000000010110000100101000110110001100000101110000010010100100001001010010101000101000101011000010101110100111101010100000111110110111001101100011100010001101001110010
19121232440011111011001101110000110011100001000001001100010011110100111111001010110101011001100110011111010110111101111110011110100010001001011111011110110110101110011000011000110111100010001100001011110011000100100010001010000011010101001110011011110101001101011010010100100001011000011111
16078388761100010010110110101111110011100100111110001100000011110000111000001110100101100001101101011110000111110000100011010101010111110001110100011010100111100100101111001001010010011000101000001100000111000101001010011101101001011101111001100111000010000001100001010101000001110000100011
969770507001000011110011111011101100111000001100010100100101001101001110000010101101011110011000110111110010010000001011100111000101100010011110100110001001101000011010010110010001100000011001000010000100111100001111010001011100111000010010000110110001100010010100110100011001011011010110110100010101101110010110110110011100101110011011000110000101101101
7337388747101001011100101110111100001110100011010100110110010010110011100000101110010011000110110001100101011010100110011001100111011110010110000001100010001100110100011101111100011010101000001101110000010010110110000000101000000010000010000100110101000110110010000100011101000111100001001100000000010101010100001001010010010111100100011101001000010001100111001010101011000100100111011001110011000010010000001100101001
7742702858010000011100001010110100110000010100101001001100010010000011111100100101010100000110101101101111011000100111111001101000011010100010111001001001011010100111010101100000011000100110111001100010100011110101001001110010101001110010100000100010001010010001100000011101000100100001110000010011000000010101011001100101010101110101010101001000010110100110000010100011000010110111011001110111000010000000111100000110
22304638390011110111000001101010110011100110111000010001010100101000110110001001100101111101100010011001010111011101111011011000110111101000100001011100000111101101101101011011110011100000110000001001100010000100011011001010000001111000100100001010010011001101101001011100100101001001001010011010100100001100010000000101010001010000011011
7233891835110001011011111110111001010001100100101001000100001101010011110000111010010001000110101101101110011100010110111001110100001110110101111001101101011000000110001101111000100110110010100000001010001101100001101100100111001101100010110000100101001110000000100001101011010010000101100101001010010001110101001001110000011011000001011100100110
6689676260101110101011011110111100001110010100100000110001010011010010011000101011010010100111011001110001011011000111001101111001001110110100010101111111011011110110111000101010001101000011010000101111001011010010000100011010001100100011011000101001000010110110110001001101101001110101100101000010001001100001110100011110
59539931611010110110110111110001100011100101001010001100100011000100111100001110110100111001110100011000000110101101111100011011100010001001011100011111110110100101100101011000010010111000110101000110100010110100110000010111010111010001110011011001000100101001011110010010110001010101100110
36026111300100001011001011110010010100010000111010001101110011111100111111001001000101111101101011011100100111110101110001100100110110100100111001010010010110111101110110011111000111101001110011011001000011111000110000001001100010000100100100001001010001101100011000000101010000110101011001010010010101100101010111011111010101101101011101000100100001000000010001000101010000101000001011
9500900339001111011100001011000111001110001100111000110100010000010011000100111011010101010111001101110000011001000011110001001110011101110110101001100110100110000010111000100110001011110010100100111101010001100111011101100001010100110111000101111100000110100110000101101011000110100010000100011111
07079802661010011111001000110001110011100100111111001100010011111000111000001110110101111001110011011100010111110101101011100101000110001000100001010011000111001101110101011000010110000001101100011011100110100101101001010010110101111001100011001000010011001100011001001111010001001000100111000100000001011100011110000100000000001101100010010000000101000101011011000111000111001101010101000010110001011100000010
678301138601000001110011001011111100111000001101100100110000110011001100100010001001010000011000000111110101111001011010100011101001001011011000100111111001110111011001100110000101101011011011100010001100110011001101000001100000011011001001000010010100100001001100110001000000000010011110100101001101010010010100000100101101110010010011000101000101010101000100010110100100101100011101110111011100000011
255774570601000100101101111101110100111000010000110100101100110001001110000010010101011000011000110110110001111110100100000011101001000011011110100110001001110110011010110111001001100000011100110010110100111100000110100010110000001011010101010111000101111100010101010100010100011101011001000110100001101000
550985297801000010101100011100011111000111010010010011000000110111001110100100110001110110011101000111101100111001010001110110001101101101011111000111100001101010001011100010010100100101001101110010011000100000000110000001011100001001010110100111010001111000011101010100111001011010011101100001011101011000011010000001011101110011
159135658600111110110010100100001000111000001111000011011101001111001111100010000101011001011111110111001001111111011010110111010001111110001001110101111001111010011101100111011001100000011010000110010100101000001110000001100100011011001011110010010100100001001000000010000100001100011111000101011101010001010111000100001101011110000010110001010000011000011011100110100101101000
09776856020100000011001010010000000011110001000101010011100100111100110110001011010101110001100100011101110111111010001001001110100101110001111000011010000110000101110111011000110111000100100011001101010010011000101101001000000010001000101000001100110111110001011010010011110100000101000111001011010110000001101100011010110001111000010111
906082074911001001110000011100000100111001110101110100001000110001001100010011101001010110011101011001011001100011011011100111100101111110001110010100001101110000011100100110011101100111011101010110111101101110000101100010111000011111001101010010010100011011000110000001001100101010000000100111011101010101010101010101111001010110011110100101110100100110000100010001010000001011
26157166251100010111010111110011010011100100111110001101100011100000111010001001010100011101101001011011010110010100111000010001000110101101101111011110000111000101100001011110100010110000110111001000110010010000100101001001100001011000111101010010110100111110100011011111010101101101001101011010000001000000011001
93815777581100010011010011101111100011110001001111001100110100111000110110001011100100111001100011011010110111110101111110011101000010011001001001011001110110010101101000011010110110101001110011001010000011010100011011001000100001100100101101001011000000101101110011010000100101100010101001001101000010010100010111011011100110110101100100
511217521510111001110000011011100000111001010010010011101100111101001100100010101001000000011110010111010010001000011111000010001001011101011011110111111101111001011001000110110001100001011110110010100000110111001000000010001100011010001011000010100100001011011101010100111001100100101000000010000101011111011011000110101000010111
2144538724110011101100110011000001010001100100001000111110010010100011110100100111010000111001001001101011011101100011101101011101011110100110000000100010001001010011110000100010001000110010000100101100000010100100011001101010100111110110110101101010010010100001111000100110010101100110010100011000
9482668009101110011110011110110100010001111010101101001010010011010011011000101011010100100110110001100100011101100110010001111111011010010011100101000110011100000110101101100010011101100011000100110111000110110010001100100000000111100010010000100101000110110001010000000011011111110100000101111011011000110110100000010011
9940355740110010011100100000111101001111010011001100110011001101000011000100100001010111000111011001111110011111110111100001110010001110110100011001111011011011010110101010011011001000110011001100110010001001110001101000100100001100100010000000100101000101110000100001001000010110010101000001010101010101000111110001011100010100110110111101010111
02006706580011110111001010101111101011101001000101010001100011101100110110001001000101110001110110011000100110000001101101001000110100000101111000011000110110100001100001011000000111111001101010001010000011001000100100001000110001100100101101001000000001101100011000000101100011000101010011011001010101110001011010000111010110111001100101000010110001100101101000
74114611470100000010111111110100010011110100110000010010000011100100111110001001100100010001111100011111110110001001101101011100101001001000111001010000000110000001101110011000000010000000110000001001100010100000111010001001000001100000101110001101010111000001101000010100010100101001011110000110000001001101101011
0224980132010000001011110110111010001111010011100100111000001100100011110100111011010010100111110001111111011100100111001001111011001000110100010001111001011111000110110001101110011100100110100101100011001011100011000000100110001101000010010000101101000110110001100000011010000101010000111001111011010101000111010001011011010101010101110101110011010100000001111001101100011100100001000101110001
3613998206110100001011110110111100010001110100010000110101001110000011110000111011011101100111000001111110011110100111100000111010010101010111001001111011100101000110111001101010011011010111000001011100001000010011000100100000000101110011010001000001011000110100111101001000010101100110000000011101000101100001010100011110
382798047601000000110011101011100100111100010001100100110100110100001110000011101101001101011001010111000101100001001001100100000001111111011110010110001100100011001100010010110000101010001101010101010110011011011000010101100001100010011100010010101001000110
7841146084001111101100011011000010001111010011000100110110001101110011111000100011010011110110001101110010011110110111111001111001001011010100111001100111011011111001111101101111011111010110111101110110001010000011100000011001001001010011010100101111000110110010000000011101000111110000110001110011010010000111000101000111010111000100111001011111100111100001100001101100011010110111011000001011
107086726110111011101110001100101100111001001111110100011100110011001100010011101001011011011010000111001101101010001001000101011001110011011111001001010001110110001110100011000100101110001001000010011100100101001111110000101001001010011111010110010001011101101000010010011101011001
969761883711001011110010101100010001000101010011100011011100110000001110000010110101000100011110011001001001111001001111100100110101100110011100110111101001101001001011110011011100100110001000110011001001111101010010100111001101010100001000100010001000110100
64387548380011100111001000110001011100000100110111010010000100000100111001001011010100010101111001011010110111101101111010001110100100110001111100011001110110011001100101001100100011011100110110001001100011011000011011001011000001100100101000001101010100101101011011010100000101001101100001010001010111000010101001001001100001001001100110
7334158464101110000100001111001010010001000011010000110011001111110010111001010111011101110110111001100000011100100011101101000111011111100110010101100010011101100110101000100001001001100011110000100110000110100010011100100010001001010010100000110001011111000101110001011110010101010101100001110100011001100101110001011000000101110001100000010110011011110110101100010101
3702099801010001011011101110111111001110000011110100110110010000000011111100100010010111100111100001110110011011000110010101101100011110100010000101011011100101010111000101110111011010100010000000001010000110110010111000100111010001100111010101100000011011110110000100011100
17364793310011100111001111101101100100010000111010010011010100100000111011001011100100011101111000011100100111110001100100001010110100000001110011011010000111000001110001011011110010110100111000001001010001101100100110001001110010001100110010001001010010111000001000010000010100011101010101010110010101110001000011101011000001011000010000011001000101010101101110
5986663636001110011011011010111001010001000011010000110101001111100011101100101011010110000111111001101001011101110111111001111011001000010101010001100110011011100110101101110010011001100111010101100101001000110011010100101001000110110010010000100011001000100001100000011111000111000011110001001000011101010100011101001100010100010001101101101100011011010001101100011000
8101594447110010011100011010111000001111010100110100111111001111000011111000100111010110010111011001110001011000100110110101111100100100100011100101011010011001000111011101110011011000010110110001001111001010100011011100100101000110000011001100100101000110110010001100000010010000110110000101011000010101110100000101010110000100000001011100001011010101000110111101101101
81505338590100001111000001110000010011110110111010001110100100100100110001001001110101110001111011011111100110100001100000011110110111010000101010010110000111010101110111011010100110101101110100100101100011110000001011001001000001111000100100001011010011010000011000000100100010011100010001000010010001011101010001011010110101100001010001101100010001001110100100
257472462701000001110001111100100001000100010000100100101000110001001111010010010101010011011101111001001001101101011110110011101001101000011000000111001001111110011101010110010001100111011000110010001100110110001001000011011000011000001001000010110100011011001010000010000000001100011111110100110001010111010111111010100100010110001000000000101100010011
7306235214001110011011110111010000001111010011010100110100001111110011101100100000011011010111110001110001011100100110001001111011011111100011100101000010011100101001011101111100011101000110000001110111011100100010001100111000001001010010100000111101011011010101110101011011010010100110000101010001000110100001010100010000011000000110000001101100
458458325700111100101011111011111000111011010010000011011000110010001111010010011101000110011011110111110001111010011010010110110101100111001110010100101001111101011001000110010001110110011001100010100100111000001110100010110100011000001001000010000000010111001111110111000001010101010111010101000010101010000101100110001101001110000110000000101100010010
29204860080011111100111111101111111100010000111101001101000011011000110001001001100100010101111011011111000110101101101000001000000101010001101001011010110111001101101010011011110110000001101111001010010011010000100010001010000001100100100010001011010001101100010100001101110110011101010110011100000101010001011011010101010101100101011110010111100001110100011110011011000111001100010100
48341688381100010010111100101110001101000100110101010011010011010100111101001010110100000101111001100100110111011101111011001110100101111001110001011000100110010101100110011011100110000100111010001101110001101100011011001100000001100100100100001010010010101001101111010011110101010101011100010100010110100101010011010000010001000100100011011100100110111000010110
393605514801000001101010101100001111001111001111000100111001001001001110110010001001001100011001000111000001111100011111100111011101111010001110010101100001111011011000000110101101110100011000000111011100101011001100000010010100011001001000110010010100011011000101000011100001110000010010100101100001010101100010010110101100010011011011110111000000011011
0013469143010000011011110111001100010001110011111100111110001110100011110000100110011011100111110001110101011001100110010010001110001110110100110101111011011010100110001101111010001011100011000000100110000110110010110000100100001000110010000100100101001111110000100001110111011011110100111001010100010001110101110101011001010010110110110000011011000100110001011100101101
79502259470011100100111110110011010011110000110001010011000011111000110001001000000101000001100000011011010110110001111000011000110011101101011111011000100111001001110001011000000010001100110010001100110010011100011000001001000010110100101100001101010110110001101001010011000100011101011001010110110110010100101000
15913459000100001110111111110011000100010000111100010010100011000100111110001000010100011001110110011111110111010001100111011110110011101101001110011011000110010110011000011100100111100001100101011100000011001000001000001000000010000100110100010000110101100001111001011100110101101001010101010110010110011000010010010100010111000001101000
3194851504001110011011011110101001010001010011110100111110001110010010000101001110011000010111100001110100011111110011101101010100011000100110111101101000100101100011011000110111001000100010010000100110001010000010110000101100001101010100011001110000101000100101010001011010011101010001011000011100011011110110101001100001
369735044511000000101101011011011100111011001110010100100001001101001110000010101001001010011000011000000101100011011111000010011001000110011110000110100001101000011010110111011001101010011111110011101100110010001100110010010000011010001000000010010100011011000110000001010100001101011001000101100101100001011101000101111001111001000101110001010100010011011011100110110000001010
682638405400111110101100011011111101000100001100010011001000110111001101100010000101011100011001010111111001100010001001100100101001101100100101110010001000110010001000000010110000111110001000110010010100100110001101010010110100101100001101001001000101001101010100010110011010101011010010110110101001100101
2901486763101101000011101011000111001111010011110000110000010001000011111000100110010110100111110001101110011000000111100001100110011111100011100101000110011000000111011101101001011010100110100101110010011010110001011000110011001000110010000100101101000110110001010000110111011100100111101010100101010001000101010001011010010000000001110001100101011010000110010001101100
206233732101000001110001111011111101000110010000100011111101001110001111110010000101010010011111100110000100100010010110010110100101100111011111100110110100111001001001110010000100101101001000110010100000100101001001100010000000111111010010010111010101001100010110111001110001100011000100110110011001100110000111110001000101101010
59968541890011111010111000001111000011110111001001001100110100110000111011001110100101110101111010011000110110111001100100011001110110100100111001010101100110010101100101011000100110011001110001001111000011100000100001000110000001111000111101001001010001101100100011000100110000000001100111010001100101000001100000010100110101000001000001011100100010100100010010
77308318430011100111000110110000110011101000110100010011110100101100110001001110100101111001111000011110001000100001110010011100000011101101010000011010000111011001100010011010010110011001110011011000010010010000001011001011000011100100110001010100010111001101011110010010010100011101011101011000010001000000100000
54018621140011110111000000110100100011110001001001001110000011110100111110001110100100010001110100011101000111010001101001011101000111001000111001010110100111100001100100011100010111110101110000011001000010110000110010001000010010100100111111010001000100101001010101010111110101110101110111010111000110110100010000011010110110011000010110
1760060169110001011011111111001101001110011100010001001101010001010011000100100010010110000110000101111111011011000110010001111111100100000011100101011001011001010110011001110101011110100111000100101011001100100011001000011010000111100010010000100101000101110000100001010010010100011001100101001100001000000110100001100111001011000001010100001110
922636897310111000110001101100110001000110010011100100010100110101001100100010000101011001011110010110100001101111100100110010101001011100011001110111100101100101011010100111110100111100001100110010011000011010000110000001101100100100001101000010010100101100001000110100100101010000010111010110111001001100000100000110110101110010000100110001000000100011
21437978611011101010111001101101010011110001000010001111100100101000110110001001010100011001101000011000010111000100100100010001000110110001100110011000010111010101110101011000000011101100110111000110100010100100001011010000100111011101100000100100010111011001011110001011010101100101100110
3926759473001111101011011011000011010001110011100001001100010010110011101100100101010011100110101001111001011100100111101100101110010011000111001001111011100101000111011101101010011001010010101100100011000110100011000100100010001001000010100000101001001100000110111001001100010101100101100010101010000100000101010001101110010110100001110100010110
683797843801000100001111111100010100111000010010010011001000110101001110000011101101011111011011100111110001110011001111110101001101100011011001000110111001100110011000100110111100101010001101010010010100011010001001110010001100011001001101100010110000010111000010000111101001010000101001100001000101101110011011000001000001101001
25457205560100001011000110101101010100010100111010010010010011011000100110010100110111001001101000011111110110110101101101001000110100101101100110011010000111000001110111011100110010110000110111001000100010100000100100001001010001101100101101001000110011000101110000011010010101010110011000010001110101001101010110010010110001011101101110011011110001100100011100
930862877500111010010000011100101001000110001101110011010001000000001110010010010001000110011011010111011001101101011110100110110100111011010000010111111101100110011010000111101101100100001010100011001100011011001000100001101100101101001001000010010100100000000101000000001101110101011111100101110101011001010111110100000001011111000101000001100100010010
6552791395101110000011110011001000110001010011010100111011001111010010001101000100011001011000001000100100010110010110100001101100011011011001000000100010001100100011011000100011001011010010011100011010001111100011011001101111011100000110011110011110010110010001100101100101010110110001110101100101
1646781887001111001011110111001010001111000100000000110000010010010011101100100101010111100111001001100000100100000110011101111100011001100111111101110101001001000101011101101011011101100110100001110000011010100101110000010100001100000010010100101101001100100010111100100110000111010001110000011111000000010111000101010011010111100100110101000100101011110110011100101101011000000110100001110110
79189543160011110011001111010000000100011101001000001100010100011000111001001110110101010001100010011111010110001001101110001110100100010101110101011000100110111101101111011011010110000000101001001011100010110000100010001000010001101100100100001011000010110000001000010001100101011001010000010110100101111101101100000111100110010101101011000101010001000000011010
043595358800111100110101001011111110111000001110100011001000111101001110100011101101010010011101000110110101111011011111100111001101110000011110000010110101011111011000010110101001100110011010100010101000110001001001010001100000011001001000110010110000011011001100000001011000001111010000010100001101010101010100101010101000010000011100010000101000011100
86125872351101001111000000110111000011101000110010001101000100010100111111001001110100110001101010011101000110010001100000001110100101100001100000011011000111010101100100001000110011110100100000001001010011111000101100001001110001101000101000001100100110110001010000010101000101010001011110010110110101000001010111011100100100101101010111000101010110111101100100000100000000101100001101
701224467101000001110100011100000000111101010010100011110000111001001111110010000001011010011001010110110110010000001000100100001001101111011110100110001000101111001010110010111000101101001000100010000100100110001001010001011100111100010011000111100101100110010111100101010001110010011000000001111000011101
3273725084010000001100000011010011001110110011100101000111001110110010000001011000011000000111010010001010001111100101101001101000011011110111110001110000011000100111100101100011001011100011011100100010001011000010110100011000001001010010010000110110000010110100000001001100010111100101011110100101000101110001110100011110000111110000101100010001
50004056230011111010110111110001010100011001001000010000110011011100101101010110110110111101110011011001010111011101101100011111100110010000111001010000110110111001110001011101100111101000101100001110000010011000100101001001100010010000100001001011110000101101000011010111000110101001100110010101000100001101011000000101110001000000010110
