42966324810111000101101110110011110010110001100011011010100110001001111110011101110111010000111111001010110110001101111101011010000110111101101010
84333247831101001110110110101111000011101000110000010010110011110000111100011001010110011101110100011010110110100101100011011100110111101001101111001100100010011000101101001111010010001000100011
809921022701000010110011010011111000111001010011110011111100110011001001100110010001100111011100110111010001110011011001110111100101111010011011110011110100100110001111100010011100100100001000100010110000101101
374026319301000010101111111100110111000101010001110011011000111100011010100110111001110101011101000111110101100110011011100110001101101101001001010010100000110001001000000010001000101000
5484855789110010000011110011000100001110101100010100111011010011000011110101111110011011100111010101101011011010010110010101110110011110100110111100111010001010110011110100100110001000110010010000110000
9206093278101101011100001010111100110001010011001100111001010000110011001001100110011111010111101001110011011011100110011001101110011110100111000000100010001001110011000100110101001100110010110000011010
06885694451100101001000001001110110100011100111011010010010100110100111001011000110110100001101001011100000110110101100001011100100111101001110110001000100011010000100011001001100010011100100001
090092509000111110010000111011101010111000001111110011000100111110001100010111111101100100011101010111000001101000011111100110111001100011011011110010001000101001001001100011000000110110
3950580593001110010011101110111110110001000011101101001100001101100011001001100011011111100111000001101001011010000111001001110110011000100110111100100010001100000010011000100011001010000010000100100101
9982159586001111001100100011000001001111010100111100110000001101100110011101101000011110110110101001101101011001110111010001100000011011010011001000110000001000010010011000110010001011010010111100110101
6663780667110101111100000110110111001110010100101001001001010011110011001001100001011111100111110101110000011011110110011101101110011010110110111100111011001001000010001100100000001110110010011100100101
7094283431001111111100100110111000001110010011011100111010001100010011001001100100011111100111011101111000011110100111110101101110011000100110111100100010001001010011001000100111001010000010001000100101
79176935911100110011000100110000001100010000110100010011100100011000110110011011110111110101110111011010010110100001111011011110100111101001101111001000100010001000100110001101100011000000110101000110100010000100100100
8455055997001110010011101011000111001111010011000101001000010010100011001001100110011000010111010101101101011010000111001001101110011110100110111100111011001001100010110100100011001010000010110000100110
22116736430011110110110001110000010100011001000011001111010011101100111110011000000111111101110111011010000111010001111111011101000110000001101111001000100011010000101111001111100010110000100110001001000010000100100101
088480041601000001110110111100101100111001001110110011001000111000011001010111111101110011011100110111001001110011011011010110001101101101001110100010100000101000001000010010011000100011
077998043801000011101111011101010111011010010001110011000100110110001001100111111101100111011100000111011001110110011001100111100101100010011011110010001000101110001000000010000100100100001001010010110000100010
679633302000111110101101110011110000111101001101100011000101001100001110110110010101101111011111010111000101110011011101110110111001111010011011110010001000100100001000000010011100100001001000110011001100101111
2030564631001111001100101111000110001110010011111101000010001101000011000101100011011000000111010001101000011110010111100101101110011000000110111100100010001100000011001000101101001011110010000100100111
9857760580010000011011011011001101010001100100111100111111001111010110000001100000011100100111001101101101011001110111111001101010011011010010010100110000001000010010100000100011
266396439301000011010000011100101111001101001111100100100000110010001111000111111101100000011101000111111001101000011000110111001101100011011011110010001000110101001000110010000000100010
2029410042001111111100001110111010001110100011110100111111010010110010011001100010011001010111001101110010011110100111110001111010011110100110111100100010001100010011010000101100001001000010000000100010
842416841211000101110001111010101001000101010011110011001100111110011001010110111101110101011010110111110001111110011110010111101101101101001001010010100000100000001011010010110000100011
016948595000111100101111011100010000111100010001000011101001001111001001100110111001111110011101010110110101110100011111100111100101100011011011110011110100101110001100000010000000100100001101000010010100100111
566501611300111001101111001011110101000101001100110011010000111010011011110110011101110000011010010111101001111110011110100110101101101101001001010010100000101101001000110010000000110101
283661081510111011110010111100000100111101010000110011011001001011001101100110000001100101011111100110101001111010011000010110111001111010011101110010001000110100001000010010110100110010
13033808190011111010111111110001110011100111000101010010010100000000111100011001010111111001111101011010100111000001100101011011100110001001111000001000100011001000110110001101010010001000100011
4722279848001111101100000110111110110001010011010000110001010001000011111101100100011111110110100101111000011110100110011001111110011110100111011100100010001010100010000000101000001011010010001000100100
025048974011010001101111011100001001000110001111100011101101001010001101100110001001111110011010010110101101101101011111100111011001100010011101100010001000111101001011110010001100110100001000000010010100011011
459062475111001100110000000011110101000110010010110011000001001111001100010110000001100100011111100110101101101100011100110110111001100111011011110010001000101010001000100010011100101111
9840657278001110011011010011000011110001010100111100111111001101110011000101100000011001110110101101111001011011100110011001101110011010100111000000100010001001110010100000100010001100010010011000101100
01846957361100100110110110101110000011100100111001010000010011001000111101011011100111110101110101011100000111011101100000011011100111101001110001001000100011101100110110001001100010001100110010
11147502230011100111000100110011010011110000111010010000110011110100111101011000010110000101110000011101000111010001100011011110100111101001101111001000100011000000110010001011110010001100100111
506763010600111111101101111011110101000111001101110011101001001100001110000110100101101110011100000111110101110110011000000110111001111010011100010010001000101011001100100010000000100110
0997775568110001111010111110111011110001100100011100110100001101010011011001101111011111110111001001110000011011110110011001110101011110100110111100100010001100000010011000100111001111010011000000100100
088939413411001001110000111011010001000110001110100011011000110011001001100110010101111101011110110111010101110010011000100111100101101011011011110010001000110101001000010010011000100100001000110001101000110010
748413685300111101110100001100000100111101001101010011010000110000001100100110111001100011011010100110101001101100011110010111001101100011011110110010001000100101001011010010011000101000001110110010000000100100
9007549765101101001100101111000000001111010100110000111100001111110011100001101010011001110110100101101011011101100111111101101110011110100111011000100010001001110011110100110101001001100011001100101100
0912900486010000010011110010111011010001100100011100110001010001010011111101111111011011100111000001110110011010010110000001101110011000110111000100111010001011100010011000101111001011010010010100110001
85933313880100001010101110010000111011100101001101001101010100111000110110011001010110101101110010011101110110100101100110011011100111101001101111001111110010011000100010001001110011110100100011
302791278311000101110100011100001000111101001111010011101100110101001110000111111101100101011101100110101101101001011000110111001101101010011011110011111100101001001111100010110000100110001001010010001000100000
103430034301000000101101111011110000111101001111010011101100110011001111010110100101101110011100000111011101101101011111110111001101111010011011110010001000110100001010000010110100100011001011110011010100100010
059934841611010000110001101100110000111000010001110011000000110010001001100110010101100010011010000111100001110100011000000111100101111010011100000010001000111100001000100010011100100100001000110010000100011010
487912579800111000101111011100010110101010010010010100111000110110011111100110011001110001011101100110111101100110011100100110110001101101001001010010100000101100001000010011010000100100
303162944901000000110011100100000000111100101110100100000001001011001111100110000001100100011010010111011001101101011001010111001001111010011101100010001000101001001111100010110100110111
124069538611001100110000110100000101000100001110100100011001001011001100100110000001111101011101010111000101101001011000000110111001111010011100010011101000110111001011110010001000110011001001100001101000100111
558767041901000010110101101100001001000110101110010100100000110011001101110110100101111111011110100111011001110000011001010111101001111010011011110010001000101011001000100010011000110001001011110010010000110010
49604206020100000000111100110001100011101100110110010011010011101001101001011011100111000101110011011011000111011101110001011110110111010100100101001010000010110000100110001000000010111100110111
37654343251011100010110111110001100011101100111100010011000100000000110111011010100110011101110100011100110111011001100001011011100111101001101111001000100010100100100000001100110011010100110111
16078297401011010110110110110000100011110100111011010010100011111100111000011111100110101101101001011010110111010101111110011100100111101001110110001000100011101100100011001101010010011000100100
713884840610111001110001111010101101000111010010100100001001001010001110010111111001100010011010000111111001110001011000000111011001111010011111000010001000100101001111100010110100100111001001000010000100011010
0727012855101110111100100011000110010001000011100100110000001101100011100001101111011001010111101001101010011011000110000101101110011000100111011100100010001100010010000000101100001001100011010100100010
821539409711001010110001001100011010101100010011100011110001000010001100100110010101111101011101000111000101101000011001110110111001111010011011110011101100100110001110110011000000110011
45592484330100010011000110101110010100010100110011010010010011110101111110011011110111011101101011011100100111001001111001011000100110110100100101001010000010110000100010001000110010010000110100
76752747701101010111001011101111010011101001001010010001100100111000111010011001000111111101110100011010110110111001110010011101110111101001111011001000100010010100111010001000010010000000100010
817891153901000001110001111011000000111000110100100100000100110000001110010111111101100101011100010110100101111010011001010111011101100011011011110010001000100110001111100010000100100111001001010010001000100011
450699961111001100101110001011110000111011001101100100100101000011001110110111111101111101011010010111110101111010011111010110111001100000011111000010001000101010001000100011010100100001001001010001101000011011
62608060360100001110111100010000110011110101001010010001100011011000110110011111100110011001110010011100100111001001100000011110100111101001110001001000100010010000101111001000000011010000100100
618626612301000010110001001100110100111001001100010011110000110001001110110110101001100000011010100111010101111101011110110111100101111010011011110010001000100100001100110010011000100001001010000010011100100100
685586152800111101001111001011010001000110010010110100110000110001001110100111111001100000011110110111000101110011011001100111101001111010011011110010001000100100001000010010001100100000001001000010011100110011
138999139610110110110000111011110010111010010000000100101100110100001001100111111101111101011100010111100001101000011000000111100101101111011100010010001000110110001011000010011000100100
93320433320100000111000111101110100011110001001100010010000100101100110111011011100110101101111101011101110111001001111111011011100111101001101111001000100010011100101100001011010011000000110001
0273255631001111111010110111000001010001100011101001000111001110110110010001101111011101000111011001101100011110110111011101111011011101110010010100101000001010000010111100100001001000100011101100100110
567525570801000101001110101100110011010011001101000011010101001101001110100110010001100001011101010110101101111010011001100110111001111010011011110010001000101011001000110010000100100000
12892096751011100110101100110000100100010000111111001111000011100001111110011001010111001101101010011011000111101101101100011011110111011100111010001010000011101100101111001001100010010000100010
257635252600111110001111101100000001000111010000010100101100110011001100100110010101100001011101100110100101110100011000000111011001111010011110110010001000110011001000100010000100101000
138736395700111100110011111100110000111001001111110011010100110001001101110110010101100000011101110110110101101100011101110110111001100111011011110011110000111011001011000010011000110011
766920803410110110101111010100000000111001010010010011111001001111001001100110010001100110011010000111100101110010011000100111100101100110011011110010001000100101001100100010000000100100001000100010110100011010
0598650066110001001100101010110100010001110100011100110101010011100011011101100000011001110111101001110010011011110110000001101110011110100111000100100010001100000010001000100111001111010010011000101100
180760015700111100110010011100000101000100001111110011011101000010001110000110100101100110011100000111010101101100011001110110111001100000011011110011001000110100001000010011010100100110
11628436530100000110111100110000110011110000111011001111000011011100111111011111100110001001111101011010000111011001111011011101000110111101101111001000100011001000110101001000000010110100100100
90441085811101000110100001101111100011101101001101001111000011011000111101011001110110011101101000011010010110100101111101011110010111101001101111001110100010011100111110001000100010001100101101
41787681841100011011000010101101100011110101001001001111110011000100111001011010010110101101101000011101010110100101100010011011100110101101101111001111010010101000110011001000010010011100101111
6422414466110101011011011010111010010001100100101101001010001101000011011001100010011010110111010001110110011011110110000001101110011110100111000100100010001001000010110100101100001111010010000000111011
213380627700111111110000001011111000111101010000110011111101001001001111000111111001101111011100100111010001101110011001110111100101111010011100000011110100110011001010000010110100100010
455662013510110110101001101100110001000111001100110011010000110110001110110110000001101110011110100111010101110010011000010110111001111010011011110010001000101010001000100010001100100001001001100011001100111110
274798204101000001110001101011110100111001010000010011011000110000001110000111111101100111011110100111001001101101011101000111101001100010011011110010001000110011001000000010001000100110
53554882541100011011000111110000100100010000110011010010110100101100111010011010010111111001101000011101000111100101110011011011100110101001101111001000100010101100101100001000110010000000101111
118877418700111001101110001011010101000100001111010011101000110000001110010110100101111111011111100111010101101001011110000111011101111010011011110011101100110110001100100010011000100111001011110010010000101000
360624791701000001110000011100001101000100010001000100101100111101001110110110010001101011011010110110110101110100011100110110111001100011011011110011101000101001001000110011010100100001001000100010100000100101
864542923701000011110000011100100001000101010011110100100101001000001100100110100101101111011010010111010001110010011001110110111001111010011111010011111100100110001000110010001000101000
61560881710011101111001001101111010011110000110110001111000100100000111011011001100111111001101000011101010110111001111101011011100110001001111100001000100010001100110101001000110010000100101100001001010001101000100000
002003457800111111110001111011111111000100001110000011101000110110001100010111110101100011011100000110001101101111011111100111011100100111001100100010111000101000001100000010110000110111
3314859683010000001100101111000000001110110011100101001011001100100111011101111111011100000110000001101101011111110111110000111011001110100011000000110110001011110010110000101000
9988554079001111101011101111001111001110010011011101001111010000010011100101111000011011100111011101111000011011110111110101101100001001110011011100101110001000010010011000110000
68715504661100010111001011101110100100011101001011010011000011101000111110011111010110000101111010011111000110111001111000011011000010011100111100001011100010001000100001001100110010110000110001
746581480200111001001110101100010000111100001101100100100001001101001101110110110001100101011100000110000001111011011001000111010000100111001111110010111000100011001011010010000000110111
99364278720100001001000011110011110011101001001101001101000011111101111000011000110111010101100010011011110110101001110011001001100011000100110010001011100010000100100110
64511677031010010011000001110010110100010001001001010010010011011100111110011111000110000001101111011000010111000001111011011100010011001000101000001011100010001000101101001000110010110000110100
94554081731100011010111101110000010011110001001101001100100100100000111010011110110110111101101100011110110110111101111011011110000010011100111010001011100010000100101101001000110010000000101111
3502921245110100011011111111000001010001100100010100110000001110100011111101101101011001000111101001111110011011000111100101110000001111100010111100101110001011110010001000110101001011010010010100100011
49873427070011100011001011110000000100011101001000010011110011111000110111011101110110001001110010011000010111011001111111011011000010011100101000001100110010110000100110
2524666606001110011100110011001100001111000011101101001000001100100011110101110010011000000110111001100010011100000111100001111100001100010011011000101110001100110010001000101100
8496226721110110001100100101000001001111000011000000110100010011000011101101110110011001000110111001100001011100100110111101110100001001110010111100101110001000000010110100100111001000010010001000100011
87374869070011111110110100101111010100011100110010001111100100100100111000011111000111111001101110011001110111010001100000011101100011011100101000001101110010000000101000
6945470622010000001011010111000100010001000011010100110101001100100111000001101000011011100111001001101101011010110111001100111111001100000010100100101110001000100010011000101000
3183733944010000000100001111001001001111010011110001000000001100000011110001110011011000110111001101100111011011000111101001110101001100100010100000110001001011110011001000100110
46104557591101010011001011101110110011110110111001001100000100011100110111011100000110000101110001011000010110110101111101011011000011001000101000001011100011011100100011
113667408300111100110001011011110001000111010000110011111001001000001110110111001001111111011101100111100001101000011011110111101100100111001010000011011000110000001101010010110100100001
99054863500011100110111011101111000011101100110011010011010100001100111010011110110111111001101110011100110111010101101111011101100011111000101000001011100010000100100110001101010010000000101111
17153803390100001011010010001111100011100110111000001100110011101100110010011101110111111001110100011111010111001101111101011011000011111100101000001011100011001000100000001011110010100000100011
675896432700111111010000011100110001000110001101000100110000111101011100110111111001111001011111010111100001101010011010000010011000110011001010010011011100100010001000000010001100100111
06969730451100011010111101001111100100011000111110001101110100111000111011011011010111111101111001011100110111010101111001011100000011111000101000001011100011000000100011001001110010000100100101
80992814800011100110111100101101100100010100110110001111110011100101101100011001010110111101111000011111010111111101110001001100010011001000101001001111100010000000110100
28756080221100011011001111110100010011100100111110001100000011111100111010011100100110011001101100011110000111010001100100011011000010011100101000001011100011111000100001
56884016681011011111100010110100111011100001001010010010010100110000111001011100000110101101111110011000100110111001111110011011000011110000101000001011100010110100100011
569031275110110110110001100011101001000100001101000011011100110001001100010111110001100101011100100110000101101101011001010110110000110010001010000010111000101101001000110010011100101111
0460021637010000011011110000111010001110110011111101001001010011000011000101110100011001000111111001100010011100110111111101101100001111000010100000110111001010000010110100100000
376107582301000000110101001011100100111010001110010011001001000010001111100111100001111111011100010110000001110010011000100111000100100111001100000010111000101111001000000011101100101100
86674055621011011110110100110001110011100100110011010010000011101000111000011111010110011001110001011000110110111001100001011111000010011100101000001011100010000000100011
81291891951011101110111101101111001100011001001110001110110100101100100110011101010111111001101101011101110110100101111001011110110011011000110001001011100010000000110101001011000010010000101101
40409868320011110011000110110000010011100001001011001110100011011100110001011011010110101101101110011000000111001101100111011111010011111100110000001011100010110000110100001000100010111100100101
0954195283110010000011111010111001001111010100010100110000001101110011011101110101011111010111000101111110011010000111101101111011001001110010100000110110001100100010011000100011
59878269200100001011000000110001100100011001001010010011000011110100110111011011000110010001110110011001110111101101100110011101100010011100101000001111100010110100100110001101100011010100100100
13110806740100000111000000110000110011100100111111001101110011000101111000011011100110111101111001011101010111100001110111001001100011011000110110001011100011010000101100
933362499501000111110100001011111110111010010011100011011101001011001111000111001001100100011111100110011101101001011110010110110000100111001010000011101100100001001011000010110100100010
78031733120011111010110011110001110100011001001010010011100011011101110110011001100110111001110011011100100110110001110011001111100010101000101001001011100010001100100001
3779634577001111101011101110111111010001000011110000110011001100100010011001110010011011110111011001110111011011110111111101110111001001110011010100111011
74532347801101010011001101110000010100011001001000001100110100010000111100011110110110001101110000011000010110100001100110011011000010011100101000001110100010001100101101
6451103044001111001011110010111110001110110100101000110101001101110011111001111100011010000111001101110010011011000111101001110000001100100010100000101110001000100010110100100011
754482027100111001101101001100001100111010010010010011000100111101001100100110110001101000011111110111111001101111011001010111010000100111001101110010111000100011001000100011001100101000
36973332230011100111001101010000010100010000111101010010100100111000111000011111000110001101110011011110010111100001111011011101000010011100101000001011100010111100100011001001110010011000110011
48536513500100000111001110101111110011100000110100010011010011011000111100011100100110101101111111011110100110110101101011011011000011101000101000001011100010110000100001001000110010001000100110
69939072920100001100111011101110001011101101001011010011010100110000110010011011010110011001110110011111100110100101101010011011000011000100101000001011100010001000100110001001110010100000100101
646467015601000001101101011100011101000110010010000011001000111010011101110110000101101110011101110111110101111010011011110011011000111100001101110010111000100010
42837130641100011010011110110100010011110100110100001110100100110100111100011100110110111101110011011110000110111001111010011011000011111100101000001011100010110000101111001001100010001000100111
531954459800111001110000111011111011001100001101010100101000111010001001100111000101101111011100000111001001101001011001110111011100100111001010000010111000101101001011000011111000100100
9446034055101101101101000110111111001111000100110001001001010010000011001001110100011000110111000001111000011011010111100101101100001101100010100000101110001000010010110100100010
1226937868110010111011110010111111110101100011110101000111001101000011101101101101011000110111111101100000011011100111111001101100001111000011000000101110001101000011111000101100
543846139100111111110001000100000011001010001101010011101101000011001110010111000001101000011101010111110101101001011000010110110000100111001010000010111000101101001010000011011100100111
77699515580100000110110110110001101011101000110000001100100011110100100110011011010110000101111010011101000111010001111110011101100011011100101000001011100010001100100000001100110010010000100101
5118569857001111101011110111001000010001110011011001000011010001000011100101110001011011110110110101111001011011010111111101101100001110100011000000110010001011010011111000101111
821639453311001000110001011010100000111001010011000100010101000011001110110111011101111101011100000110001101110011011000110111110100100111001010000010111000100000001011110011000000100001
61636860051011101111001011110001110011100100110001001111000011001100110010011100100111111001101110011110000111110001111001011110110011111100101000001011100010001000110101001000000011011100100110
9907622899001111111101100110111101110001001011001101001100010000100011011001111011011001000111001001100000011010010111110101101100001001110011001000101110001000010010011000110101
54567894351100101111000011110001100100010000110110001111100100100000111011011100110111111001101101011110110111110101111001011011000011011000110001001011100010110100111101
9040520659010000101100011010111110010001010011001101000011001111000111101101101011011101010111001001101101011000100110101000100110001101110010100100101110001000010011010000100010
46443948551011100111010011101111000011110001001001010010110100100000110110011110110111110101110000011000000110110101100010011011000011101000111111001011100010110000100011
4577709652001111101011011001000000001110100011010001001000001100010011100001110011011001100110110101100010011101110110111101101100001110100011101100101110001011000010001000100001
4400709858001111001100011111001101101110010011001001001010010000010011000101110011011011110110110101111001011011010111111001101100001110100011000000101110001011000010110100111110
22057938181100100011000011110010101101010100111111001110100011101000111010011100110111110101110011011000000111011001111110011011000010011100110000001011100011001000111010001100110010000000100111
09749321190011100101000000101111100100010011001000001101010011001100111101011011010110001101110111011110010111110101111101011011000011111000101000001011100010100000100110001000010010001100100101
2514306311001110011100011011000000001110000011111001001010010001100011110101111000011001100110111001111101011100010110001101111100001001110010111100101110001101010010001000101111001000110010100000101101
90266258631100011111010110110000110100010101001111001110110100101000110010011100100110010001110001011000000110111001111011011110110010011100110010001011100010000100111011
962934567600111100101111111011101101000110010011000100100000110100001001100111110001101011011100010110001001101111011001110111101100110111001100100010111000100001001000110010110000100100
712005122601000001110001001100000000111101010010100011110100110110001100010111110001100001011110100111111001110101011110000110110000100111001100010010111000100011001101010010110000101111
23281251251011101011010111110000100011110100111100001101100100000000111001011101010110010001111001011111110111001001111001011011000010011100101000001011100011000000101100
43189994651011100110111101101110000011110100110101001110110011110100111001011011010111110101101101011100100111010101100111011011000011011000110001001011100010110000110111001011110010011100100101
8316170544010000111011110010111111001111010100110001001001001111010011101101110101011111110111010001110011011101110111101001111000001101110010100000101110001000000010110000101111
88217964971100100111000111101110111010100100110010001101100011010100110111011100110111110101101110011101000110100101111111011101100010011100101000001110100010000000100001001011000011000100100111
395803933200111111110100011100011100111010001110010011000101001001001110010111010001100011011011010111001101111000011000100110110000100111001100010010111000101111001001100010001100100111
347671537400111100110001001101011100111001001110010100101100110000001101110111001101100101011101100111110101101111011110100110110000110010001101110010111000101111001011010010000100111010
78452168120011111111000111101101010100010101001000001101110011110001110000011011100111011001100011011011110110101101110011001111110010101000111110001011100010001100100001
990709799711001010101011101011111011000111010011100011010000111011001101100111010001111101011011110110011101101001011000000110110000111100001010000011111000100001001001100011010100111101
6273230496010000111100000111000101110011000100100000111100010011110011001001111100011000110111011001111100011010010111100001101100001001110011110100101110
4682159405101110001010110111100001001111000011001100110110001101010011111101111011011011100110110101111100011100000111100101101100001001110011000100101110001011000010001100100110
52997355040100000111000001101110000011100101001001001111010011010100100110011111010110001101110110011100110111100001111010011101110011101100101000001011100010110100101111
524997187900111100110000101100000100111101101110010011100100111100011011000111111001111110011110000110111101101010011010100011001000110011001101100010111000101101001011110010001000100100
65043059330100001111000111101110110100011001001010010001110011101100111101011110110110011001110001011001110111110001111011011100010010011100101000001100100010001000101000
5550634674010000100100001110111111010001000100100000110101010010100011000101110010011000110111011001100010011011110110101001101100001110110011111100101110001011010010001000100011
59277401920011111011010001110011011100001000110011001101010011010100110110011100110110001001110100011111110110100101101010011011000010011100101000001011100010110100100110001011000011110100100111
72067276500100001110111101110011010011110001001000001110100011101000111011011100110110101101101111011110010111010101101011011011000011101000101000001011100010001100101111001100100010000100100111
204662772911001011110001111011111000111000110010010011110101001010001110110111001001100100011011110110000101110100011111010110110000110010001010000010111000110101001101100010001000100001
